pos_name: layer-column/blob
num_cells_x: 15
num_cells_y: 50
width: 2000
height: 2000
pos_receivers_x: [1000.       1133.333333  733.333333 1000.       1666.666667 1000.       1000.       1533.333333 1000.       1000.       1933.333333  466.666667 1000.         66.666667 1000.        866.666667 1000.        333.333333 1000.       1266.666667]
pos_receivers_y: [1260.   20.   20.  500.   20.  820. 1180.   20. 1500.  740.   20.   20. 1060.   20. 1380.   20.  620.   20.  940.   20.]
pos_sources_x: [ 866.666667  733.333333  733.333333 1666.666667  466.666667  333.333333 1933.333333  466.666667 1933.333333 1666.666667   66.666667   66.666667 1266.666667 1533.333333 1533.333333  866.666667  866.666667 1133.333333 1266.666667  733.333333 1666.666667  333.333333  466.666667 1933.333333  333.333333  466.666667
 1933.333333   66.666667   66.666667 1266.666667 1266.666667 1533.333333  866.666667  866.666667 1133.333333 1133.333333  733.333333  733.333333 1133.333333 1666.666667  333.333333  466.666667 1933.333333 1666.666667  333.333333 1533.333333   66.666667 1533.333333 1266.666667 1133.333333]
pos_sources_y: [1740. 1860. 1500. 1860. 1980. 1740. 1980. 1620. 1620. 1500. 1980. 1620. 1740. 1860. 1500. 1980. 1620. 1740. 1500. 1740. 1740. 1980. 1860. 1860. 1620. 1500. 1500. 1860. 1500. 1980. 1620. 1740. 1860. 1500. 1980. 1620. 1980. 1620. 1500. 1980. 1860. 1740. 1740. 1620. 1500. 1980. 1740. 1620. 1860. 1860.]
mirrored: False
param_bas: [0.95]
param_trd: [0.85, 0.3, 1000]
param_spl: [0.85, 1000]
code: hfc2e
n_rays: 1000