pos_name: layer-shallowcolumn/blob
num_cells_x: 15
num_cells_y: 50
width: 2000
height: 2000
pos_receivers_x: [1666.666667  866.666667   66.666667   66.666667 1933.333333 1133.333333  466.666667 1533.333333   66.666667  333.333333   66.666667  733.333333   66.666667   66.666667 1266.666667]
pos_receivers_y: [  20.   20. 1860. 1500.   20.   20.   20.   20. 1740.   20.   20.   20. 1620. 1980.   20.]
pos_sources_x: [ 733.333333  733.333333 1000.       1000.        600.        600.        333.333333 1933.333333 1933.333333 1400.        200.        200.       1400.       1533.333333 1533.333333 1800.       1800.       1133.333333  733.333333 1000.       1000.        600.        600.        333.333333  333.333333 1933.333333
 1933.333333  200.       1400.       1400.       1533.333333 1800.       1800.       1133.333333 1133.333333  733.333333  733.333333 1000.       1133.333333  600.        333.333333  333.333333 1933.333333  200.        200.       1533.333333 1533.333333 1800.       1400.       1133.333333]
pos_sources_y: [1860. 1500. 1980. 1620. 1980. 1620. 1740. 1980. 1620. 1500. 1860. 1500. 1740. 1860. 1500. 1980. 1620. 1740. 1740. 1860. 1500. 1860. 1500. 1980. 1620. 1860. 1500. 1740. 1980. 1620. 1740. 1860. 1500. 1980. 1620. 1980. 1620. 1740. 1500. 1740. 1860. 1500. 1740. 1980. 1620. 1980. 1620. 1740. 1860. 1860.]
mirrored: False
param_bas: [0.95]
param_trd: [0.85, 0.3, 1000]
param_spl: [0.85, 1000]
code: he5b4
n_rays: 750