pos_name: layer/layer
num_cells_x: 15
num_cells_y: 50
width: 2000
height: 2000
pos_receivers_x: [1666.666667  866.666667 1933.333333 1133.333333  466.666667 1533.333333  333.333333   66.666667  733.333333 1266.666667]
pos_receivers_y: [20. 20. 20. 20. 20. 20. 20. 20. 20. 20.]
pos_sources_x: [ 333.333333 1666.666667  866.666667 1266.666667  466.666667 1533.333333 1933.333333 1133.333333   66.666667  733.333333]
pos_sources_y: [1980. 1980. 1980. 1980. 1980. 1980. 1980. 1980. 1980. 1980.]
mirrored: False
param_bas: [0.95]
param_trd: [0.85, 0.3, 1000]
param_spl: [0.85, 1000]
code: h52ba
n_rays: 100