pos_name: layer/layer
num_cells_x: 43
num_cells_y: 50
width: 2000
height: 2000
pos_receivers_x: [1139.534884  162.790698 1279.069767  860.465116 1558.139535  720.930233  302.325581   23.255814 1000.        441.860465 1976.744186 1837.209302 1418.604651  581.395349 1697.674419]
pos_receivers_y: [1980. 1980. 1980. 1980. 1980. 1980. 1980. 1980. 1980. 1980. 1980. 1980. 1980. 1980. 1980.]
pos_sources_x: [ 441.860465 1558.139535   23.255814  302.325581  720.930233 1000.       1976.744186 1418.604651 1697.674419  162.790698  581.395349 1279.069767 1837.209302  860.465116 1139.534884]
pos_sources_y: [20. 20. 20. 20. 20. 20. 20. 20. 20. 20. 20. 20. 20. 20. 20.]
mirrored: False
param_bas: [0.95]
param_trd: [0.85, 0.6, 1000]
param_spl: [0.85, 1000]
code: h71e8
n_rays: 225