pos_name: layer-shallowcolumn/blob
num_cells_x: 43
num_cells_y: 50
width: 2000
height: 2000
pos_receivers_x: [  69.767442  906.976744 1418.604651   69.767442  906.976744  348.837209 1418.604651 1837.209302 1837.209302 1279.069767 1279.069767 1976.744186  627.906977  627.906977  767.44186   488.372093  488.372093  767.44186  1046.511628 1046.511628 1697.674419  209.302326 1139.534884 1139.534884 1697.674419  209.302326
 1976.744186  906.976744 1558.139535 1558.139535   69.767442  906.976744 1418.604651   69.767442  348.837209  627.906977 1837.209302  348.837209 1279.069767  767.44186   488.372093  488.372093 1046.511628 1046.511628 1697.674419  209.302326 1139.534884 1139.534884 1697.674419 1976.744186 1558.139535   69.767442
 1558.139535  906.976744 1976.744186 1558.139535 1837.209302 1418.604651 1418.604651 1837.209302  348.837209  627.906977  627.906977  348.837209 1279.069767 1279.069767  767.44186   767.44186  1046.511628  488.372093 1697.674419  209.302326  209.302326 1139.534884 1976.744186]
pos_receivers_y: [1980. 1980. 1860. 1620. 1620. 1740. 1500. 1860. 1500. 1860. 1500. 1500. 1860. 1500. 1860. 1980. 1620. 1500. 1980. 1620. 1980. 1860. 1980. 1620. 1620. 1500. 1740. 1500. 1980. 1620. 1860. 1860. 1740. 1500. 1980. 1740. 1740. 1620. 1740. 1740. 1860. 1500. 1860. 1500. 1860. 1740. 1860. 1500. 1500. 1980. 1740. 1740. 1860.
 1740. 1620. 1500. 1980. 1980. 1620. 1620. 1860. 1980. 1620. 1500. 1980. 1620. 1980. 1620. 1740. 1740. 1740. 1980. 1620. 1740. 1860.]
pos_sources_x: [  23.255814 1976.744186 1418.604651 1837.209302 1279.069767   23.255814  720.930233  302.325581  581.395349  860.465116   23.255814   23.255814 1697.674419  162.790698 1139.534884 1558.139535 1000.         23.255814   23.255814  441.860465]
pos_sources_y: [  20.   20.   20.   20.   20. 1740.   20.   20.   20.   20. 1980. 1620.   20.   20.   20.   20.   20. 1860. 1500.   20.]
mirrored: False
param_bas: [0.95]
param_trd: [0.85, 0.6, 1000]
param_spl: [0.85, 1000]
code: h158a8
n_rays: 1500