pos_name: layer-blob
num_cells_x: 43
num_cells_y: 50
width: 2000
height: 2000
pos_receivers_x: [1418.604651 1418.604651 1000.        860.465116 1837.209302  860.465116 1279.069767 1279.069767 1837.209302 1976.744186  581.395349  720.930233  302.325581  441.860465  302.325581  720.930233 1697.674419 1697.674419 1139.534884  162.790698   23.255814  162.790698 1976.744186 1139.534884 1558.139535 1558.139535
  860.465116 1418.604651  860.465116 1000.       1000.       1837.209302 1279.069767  441.860465  581.395349  441.860465  581.395349  720.930233  302.325581  162.790698  162.790698 1697.674419 1697.674419 1139.534884 1139.534884   23.255814   23.255814 1976.744186 1558.139535 1976.744186 1558.139535 1558.139535
 1000.       1000.        860.465116 1837.209302 1418.604651 1418.604651 1837.209302 1279.069767 1279.069767  720.930233  302.325581  441.860465  581.395349  302.325581  720.930233  441.860465  581.395349 1697.674419  162.790698   23.255814   23.255814 1139.534884 1976.744186]
pos_receivers_y: [1860. 1500. 1740. 1980. 1860. 1620. 1860. 1500. 1500. 1500. 1740. 1860. 1860. 1740. 1500. 1500. 1980. 1620. 1980. 1980. 1740. 1620. 1740. 1620. 1980. 1620. 1860. 1740. 1500. 1980. 1620. 1740. 1740. 1980. 1980. 1620. 1620. 1740. 1740. 1860. 1500. 1860. 1500. 1860. 1500. 1980. 1620. 1980. 1740. 1620. 1860. 1500. 1860.
 1500. 1740. 1980. 1980. 1620. 1620. 1980. 1620. 1980. 1980. 1860. 1860. 1620. 1620. 1500. 1500. 1740. 1740. 1860. 1500. 1740. 1860.]
pos_sources_x: [ 441.860465 1558.139535   23.255814  302.325581  720.930233 1000.       1976.744186 1418.604651 1697.674419  162.790698  581.395349 1279.069767 1837.209302  860.465116 1139.534884]
pos_sources_y: [20. 20. 20. 20. 20. 20. 20. 20. 20. 20. 20. 20. 20. 20. 20.]
mirrored: False
param_bas: [0.95]
param_trd: [0.85, 0.6, 1000]
param_spl: [0.85, 1000]
code: h13ba4
n_rays: 1125